0 0 0 0 0
1000 1358 1358 1358 1358
2000 2716 2716 2716 2716
3000 4074 4074 4074 4074
4000 5432 5432 5432 5432
5000 6790 6790 6790 6790
6000 8148 8148 8148 8148
7000 9506 9506 9506 9506
8000 10864 10864 10864 10864
9000 12222 12222 12222 12222
10000 13580 13580 13580 13580
11000 14938 14938 14938 14938
12000 16296 16296 16296 16296
13000 17654 17654 17654 17654
14000 19012 19012 19012 19012
15000 20370 20370 20370 20370
16000 21728 21728 21728 21728
17000 23086 23086 23086 23086
18000 24444 24444 24444 24444
19000 25802 25802 25802 25802
20000 27160 27160 27160 27160
21000 27410 27453 27410 27453
22000 27660 27746 27660 27746
23000 27910 28039 27910 28039
24000 28160 28332 28160 28332
25000 28410 28625 28410 28625
26000 28660 28918 28660 28918
27000 28910 29211 28910 29211
28000 29160 29504 29160 29504
29000 29410 29797 29410 29797
30000 29660 30090 29660 30090
31000 29910 30383 29910 30383
32000 30160 30676 30160 30676
33000 30410 30969 30410 30969
34000 30660 31262 30660 31262
35000 30910 31555 30910 31555
36000 31160 31848 31160 31848
37000 31410 32141 31410 32141
38000 31660 32434 31660 32434
39000 31910 32727 31910 32727
40000 32160 33020 32160 33020
