3 3 5 3 2
100 120 150
20 30 40
0.35 0.45 0.6 1.2 1.4
0.004 0.005 0.007
0 0.005
4.928058024 94.055507439
4.792600932 98.659113475
5.031263428 94.875253216
4.895806336 99.664628979
5.237674235 96.373205932
5.102217143 101.534121148
4.836319888 93.287236949
4.700862796 97.725714340
4.916590757 93.961512253
4.781133665 98.544477209
5.077132496 95.224440599
4.941675404 100.096380686
4.756049018 92.584420891
4.620591926 96.878410717
4.816252171 93.114208630
4.680795078 97.516564130
4.936658475 94.125621586
4.801201382 98.744708433
4.635642714 91.476682892
4.500185622 95.553941370
4.665744290 91.759637707
4.530287198 95.891079022
4.725947442 92.313506707
4.590490350 96.553313695
4.618441814 91.313192427
4.482984721 95.359489284
4.644243164 91.557936670
4.508786072 95.650675959
4.695845866 92.038578979
4.560388774 96.224203130
4.928058024 141.083261158
4.792600932 147.988670213
5.031263428 142.312879824
4.895806336 149.496943469
5.237674235 144.559808898
5.102217143 152.301181723
4.836319888 139.930855423
4.700862796 146.588571509
4.916590757 140.942268379
4.781133665 147.816715813
5.077132496 142.836660899
4.941675404 150.144571029
4.756049018 138.876631337
4.620591926 145.317616075
4.816252171 139.671312945
4.680795078 146.274846194
4.936658475 141.188432379
4.801201382 148.117062650
4.635642714 137.215024338
4.500185622 143.330912055
4.665744290 137.639456560
4.530287198 143.836618533
4.725947442 138.470260060
4.590490350 144.829970543
4.618441814 136.969788641
4.482984721 143.039233926
4.644243164 137.336905005
4.508786072 143.476013938
4.695845866 138.057868468
4.560388774 144.336304696
4.928058024 188.111014877
4.792600932 197.318226950
5.031263428 189.750506432
4.895806336 199.329257959
5.237674235 192.746411864
5.102217143 203.068242297
4.836319888 186.574473897
4.700862796 195.451428679
4.916590757 187.923024505
4.781133665 197.088954417
5.077132496 190.448881199
4.941675404 200.192761371
4.756049018 185.168841782
4.620591926 193.756821434
4.816252171 186.228417260
4.680795078 195.033128259
4.936658475 188.251243172
4.801201382 197.489416866
4.635642714 182.953365784
4.500185622 191.107882740
4.665744290 183.519275414
4.530287198 191.782158044
4.725947442 184.627013413
4.590490350 193.106627391
4.618441814 182.626384854
4.482984721 190.718978568
4.644243164 183.115873340
4.508786072 191.301351917
4.695845866 184.077157957
4.560388774 192.448406261
5.398417089 103.032646163
5.250031279 108.075643908
5.511472945 103.930632671
5.363087135 109.177130955
5.737584655 105.571557656
5.589198845 111.225057019
5.297922996 102.191048008
5.149537186 107.053156384
5.385855328 102.929679596
5.237469518 107.950066169
5.561719991 104.313148284
5.413334181 109.650091252
5.209990664 101.421151591
5.061604854 106.124981770
5.275939913 102.001504982
5.127554103 106.824043808
5.407838411 103.109452363
5.259452601 108.169408486
5.078092166 100.207685411
4.929706356 104.674098294
5.111066791 100.517646881
4.962680981 105.043414088
5.177016039 101.124379971
5.028630229 105.768855826
5.059249524 100.028590580
4.910863714 104.461086706
5.087513487 100.296694466
4.939127677 104.780065726
5.144041415 100.823211735
4.995655605 105.408333265
5.398417089 154.548969245
5.250031279 162.113465862
5.511472945 155.895949006
5.363087135 163.765696432
5.737584655 158.357336484
5.589198845 166.837585528
5.297922996 153.286572012
5.149537186 160.579734576
5.385855328 154.394519394
5.237469518 161.925099254
5.561719991 156.469722426
5.413334181 164.475136879
5.209990664 152.131727387
5.061604854 159.187472655
5.275939913 153.002257473
5.127554103 160.236065712
5.407838411 154.664178545
5.259452601 162.254112729
5.078092166 150.311528117
4.929706356 157.011147441
5.111066791 150.776470322
4.962680981 157.565121132
5.177016039 151.686569957
5.028630229 158.653283739
5.059249524 150.042885870
4.910863714 156.691630059
5.087513487 150.445041699
4.939127677 157.170098590
5.144041415 151.234817602
4.995655605 158.112499898
5.398417089 206.065292327
5.250031279 216.151287815
5.511472945 207.861265342
5.363087135 218.354261910
5.737584655 211.143115312
5.589198845 222.450114038
5.297922996 204.382096016
5.149537186 214.106312768
5.385855328 205.859359192
5.237469518 215.900132339
5.561719991 208.626296569
5.413334181 219.300182505
5.209990664 202.842303183
5.061604854 212.249963540
5.275939913 204.003009963
5.127554103 213.648087617
5.407838411 206.218904727
5.259452601 216.338816972
5.078092166 200.415370823
4.929706356 209.348196588
5.111066791 201.035293762
4.962680981 210.086828175
5.177016039 202.248759942
5.028630229 211.537711651
5.059249524 200.057181161
4.910863714 208.922173412
5.087513487 200.593388931
4.939127677 209.560131453
5.144041415 201.646423469
4.995655605 210.816666530
6.035613791 115.194000361
5.869713412 120.832243245
6.162014080 116.197979798
5.996113701 122.063743202
6.414814658 118.032589705
6.248914279 124.353394148
5.923257979 114.253065019
5.757357600 119.689067440
6.021569315 115.078880239
5.855668936 120.691843065
6.218191986 116.625645255
6.052291607 122.592528890
5.824946643 113.392294657
5.659046264 118.651336674
5.898680145 114.041149473
5.732779766 119.432911793
6.046147149 115.279872304
5.880246770 120.937075230
5.677479640 112.035598224
5.511579261 117.029199634
5.714346391 112.382145682
5.548446012 117.442107244
5.788079892 113.060493899
5.622179513 118.253175764
5.656412925 111.835364116
5.490512546 116.791045439
5.688012997 112.135113372
5.522112618 117.147674826
5.751213142 112.723777574
5.585312762 117.850099288
6.035613791 172.791000542
5.869713412 181.248364867
6.162014080 174.296969698
5.996113701 183.095614803
6.414814658 177.048884557
6.248914279 186.530091222
5.923257979 171.379597529
5.757357600 179.533601161
6.021569315 172.618320359
5.855668936 181.037764598
6.218191986 174.938467883
6.052291607 183.888793335
5.824946643 170.088441986
5.659046264 177.977005011
5.898680145 171.061724210
5.732779766 179.149367690
6.046147149 172.919808456
5.880246770 181.405612846
5.677479640 168.053397336
5.511579261 175.543799451
5.714346391 168.573218524
5.548446012 176.163160867
5.788079892 169.590740849
5.622179513 177.379763647
5.656412925 167.753046173
5.490512546 175.186568159
5.688012997 168.202670058
5.522112618 175.721512238
5.751213142 169.085666361
5.585312762 176.775148932
6.035613791 230.388000723
5.869713412 241.664486490
6.162014080 232.395959597
5.996113701 244.127486403
6.414814658 236.065179410
6.248914279 248.706788296
5.923257979 228.506130038
5.757357600 239.378134881
6.021569315 230.157760479
5.855668936 241.383686130
6.218191986 233.251290511
6.052291607 245.185057779
5.824946643 226.784589314
5.659046264 237.302673348
5.898680145 228.082298946
5.732779766 238.865823587
6.046147149 230.559744607
5.880246770 241.874150461
5.677479640 224.071196448
5.511579261 234.058399268
5.714346391 224.764291365
5.548446012 234.884214489
5.788079892 226.120987798
5.622179513 236.506351529
5.656412925 223.670728231
5.490512546 233.582090879
5.688012997 224.270226744
5.522112618 234.295349651
5.751213142 225.447555148
5.585312762 235.700198576
